1701387960000
1701413220000
1701425100000
1701433920000
1701438420000
1701474360000
1701499620000
1701511500000
1701520320000
1701524820000
1701560820000
1701586020000
1701597900000
1701606780000
1701611220000
1701647220000
1701672420000
1701684300000
1701693180000
1701697620000
1701733680000
1701758880000
1701770760000
1701779580000
1701784080000
1701820080000
1701845280000
1701857160000
1701865980000
1701870480000
1701906540000
1701931740000
1701943620000
1701952440000
1701956940000
1701992940000
1702018140000
1702030020000
1702038840000
1702043340000
1702079400000
1702104600000
1702116480000
1702125300000
1702129800000
1702165800000
1702191000000
1702202880000
1702211700000
1702216200000
1702252260000
1702277460000
1702289280000
1702298100000
1702302660000
1702338660000
1702363860000
1702375680000
1702384500000
1702389060000
1702425120000
1702450320000
1702462140000
1702470960000
1702475520000
1702511520000
1702536720000
1702548540000
1702557360000
1702561920000
1702597980000
1702623180000
1702635000000
1702643820000
1702648320000
1702684380000
1702709580000
1702721400000
1702730220000
1702734720000
1702770840000
1702796040000
1702807860000
1702816680000
1702821180000
1702857240000
1702882440000
1702894260000
1702903080000
1702907580000
1702943700000
1702968900000
1702980720000
1702989540000
1702994040000
1703030100000
1703055300000
1703067120000
1703075940000
1703080440000
1703116560000
1703141760000
1703153580000
1703162400000
1703166900000
1703202960000
1703228160000
1703239980000
1703248800000
1703253300000
1703289420000
1703314620000
1703326440000
1703335260000
1703339760000
1703375820000
1703401020000
1703412840000
1703421660000
1703426160000
1703462280000
1703487480000
1703499300000
1703508120000
1703512620000
1703548680000
1703573880000
1703585700000
1703594520000
1703599020000
1703635140000
1703660340000
1703672160000
1703680980000
1703685480000
1703721540000
1703746740000
1703758560000
1703767380000
1703771880000
1703808000000
1703833200000
1703845020000
1703853840000
1703858340000
1703894400000
1703919600000
1703931420000
1703940240000
1703944740000
1703980800000
1704006000000
1704017880000
1704026700000
1704031200000
1704067260000
1704092460000
1704104340000
1704113160000
1704117660000
1704153660000
1704178860000
1704190740000
1704199560000
1704204060000
1704240120000
1704265320000
1704277200000
1704286020000
1704290520000
1704326520000
1704351720000
1704363600000
1704372420000
1704376920000
1704412980000
1704438180000
1704450060000
1704458880000
1704463380000
1704499380000
1704524580000
1704536460000
1704545280000
1704549780000
1704585780000
1704611040000
1704622920000
1704631740000
1704636240000
1704672180000
1704697440000
1704709320000
1704718140000
1704722640000
1704758640000
1704783900000
1704795780000
1704804600000
1704809100000
1704845040000
1704870300000
1704882180000
1704891000000
1704895500000
1704931500000
1704956700000
1704968640000
1704977460000
1704981960000
1705017900000
1705043100000
1705055040000
1705063860000
1705068360000
1705104360000
1705129560000
1705141500000
1705150320000
1705154820000
1705190760000
1705215960000
1705227900000
1705236720000
1705241220000
1705277160000
1705302420000
1705314360000
1705323180000
1705327680000
1705363560000
1705388820000
1705400760000
1705409580000
1705414080000
1705450020000
1705475280000
1705487220000
1705496040000
1705500480000
1705536420000
1705561680000
1705573620000
1705582440000
1705586880000
1705622820000
1705648080000
1705660020000
1705668900000
1705673340000
1705709220000
1705734480000
1705746420000
1705755300000
1705759740000
1705795680000
1705820940000
1705832880000
1705841760000
1705846200000
1705882080000
1705907340000
1705919280000
1705928160000
1705932600000
1705968480000
1705993740000
1706005740000
1706014620000
1706019060000
1706054880000
1706080140000
1706092140000
1706101020000
1706105460000
1706141280000
1706166600000
1706178540000
1706187480000
1706191860000
1706227680000
1706253000000
1706264940000
1706273880000
1706278260000
1706314080000
1706339400000
1706351400000
1706360340000
1706364720000
1706400480000
1706425800000
1706437800000
1706446740000
1706451120000
1706486940000
1706512260000
1706524260000
1706533200000
1706537580000
1706573340000
1706598660000
1706610660000
1706619600000
1706623980000
1706659740000
1706685060000
1706697060000
1706706000000
1706710380000
1706746140000
1706771460000
1706783460000
1706792460000
1706796780000
1706832540000
1706857860000
1706869860000
1706878860000
1706883180000
1706918940000
1706944260000
1706956320000
1706965320000
1706969640000
1707005340000
1707030660000
1707042720000
1707051720000
1707056040000
1707091680000
1707117060000
1707129120000
1707138120000
1707142440000
1707178080000
1707203460000
1707215520000
1707224520000
1707228840000
1707264480000
1707289920000
1707301920000
1707310980000
1707315300000
1707350880000
1707376320000
1707388320000
1707397380000
1707401700000
1707437280000
1707462720000
1707474720000
1707483780000
1707488100000
1707523680000
1707549120000
1707561120000
1707570180000
1707574500000
1707610080000
1707635520000
1707647520000
1707656640000
1707660960000
1707696480000
1707721920000
1707733920000
1707743040000
1707747360000
1707782820000
1707808320000
1707820320000
1707829440000
1707833760000
1707869220000
1707894720000
1707906720000
1707915840000
1707920160000
1707955620000
1707981120000
1707993120000
1708002300000
1708006560000
1708042020000
1708067520000
1708079520000
1708088700000
1708092960000
1708128360000
1708153860000
1708165920000
1708175100000
1708179420000
1708214760000
1708240260000
1708252320000
1708261500000
1708265820000
1708301160000
1708326660000
1708338720000
1708347960000
1708352220000
1708387560000
1708413060000
1708425120000
1708434360000
1708438620000
1708473900000
1708499460000
1708511520000
1708520760000
1708525020000
1708560300000
1708585860000
1708597920000
1708607160000
1708611420000
1708646640000
1708672260000
1708684320000
1708693560000
1708697820000
1708733040000
1708758660000
1708770720000
1708779960000
1708784220000
1708819380000
1708845000000
1708857060000
1708866420000
1708870620000
1708905780000
1708931400000
1708943460000
1708952820000
1708957020000
1708992180000
1709017800000
1709029860000
1709039220000
1709043480000
1709078580000
1709104200000
1709116260000
1709125620000
1709129880000
1709164920000
1709190600000
1709202600000
1709212020000
1709216280000
1709251260000
1709277000000
1709289000000
1709298420000
1709302680000
1709337660000
1709363400000
1709375400000
1709384820000
1709389080000
1709424000000
1709449740000
1709461740000
1709471280000
1709475480000
1709510400000
1709536140000
1709548140000
1709557680000
1709561880000
1709596740000
1709622540000
1709634540000
1709644080000
1709648280000
1709683140000
1709708940000
1709720940000
1709730480000
1709734680000
1709769480000
1709795280000
1709807280000
1709816880000
1709821080000
1709855880000
1709881680000
1709893680000
1709903280000
1709907480000
1709942220000
1709968080000
1709980020000
1709989680000
1709993880000
1710028620000
1710054480000
1710066420000
1710076080000
1710080280000
1710114960000
1710140820000
1710152760000
1710162480000
1710166680000
1710201360000
1710227220000
1710239160000
1710248880000
1710253080000
1710287700000
1710313620000
1710325500000
1710335280000
1710339480000
1710374100000
1710400020000
1710411900000
1710421680000
1710425880000
1710460440000
1710486360000
1710498240000
1710508080000
1710512280000
1710546840000
1710572760000
1710584640000
1710594480000
1710598680000
1710633120000
1710659160000
1710670980000
1710680880000
1710685080000
1710719520000
1710745560000
1710757380000
1710767280000
1710771480000
1710805860000
1710831900000
1710843720000
1710853680000
1710857880000
1710892260000
1710918300000
1710930120000
1710940080000
1710944280000
1710978600000
1711004700000
1711016460000
1711026480000
1711030740000
1711065000000
1711091100000
1711102860000
1711112880000
1711117140000
1711151340000
1711177440000
1711189200000
1711199280000
1711203540000
1711237740000
1711263840000
1711275600000
1711285680000
1711289940000
1711324020000
1711350180000
1711361880000
1711372080000
1711376340000
1711410420000
1711436580000
1711448280000
1711458480000
1711462740000
1711496760000
1711522980000
1711534620000
1711544880000
1711549140000
1711583160000
1711609380000
1711621020000
1711631280000
1711635540000
1711669500000
1711695720000
1711707360000
1711717680000
1711721940000
1711755900000
1711782120000
1711793760000
1711804080000
1711808340000
1711842240000
1711868520000
1711880040000
1711890480000
1711894740000
1711928580000
1711954860000
1711966440000
1711976880000
1711981140000
1712014980000
1712041260000
1712052840000
1712063280000
1712067540000
1712101260000
1712127660000
1712139120000
1712149680000
1712153940000
1712187660000
1712214060000
1712225520000
1712236080000
1712240340000
1712274000000
1712300400000
1712311860000
1712322540000
1712326800000
1712360400000
1712386800000
1712398260000
1712408940000
1712413200000
1712446740000
1712473140000
1712484540000
1712495340000
1712499600000
1712533140000
1712559540000
1712570940000
1712581740000
1712586000000
1712619420000
1712645940000
1712657280000
1712668140000
1712672400000
1712705820000
1712732340000
1712743680000
1712754540000
1712758800000
1712792160000
1712818680000
1712829960000
1712840940000
1712845200000
1712878560000
1712905080000
1712916360000
1712927340000
1712931600000
1712964900000
1712991480000
1713002700000
1713013740000
1713018060000
1713051300000
1713077880000
1713089100000
1713100140000
1713104460000
1713137580000
1713164220000
1713175380000
1713186540000
1713190860000
1713223980000
1713250620000
1713261780000
1713272940000
1713277260000
1713310320000
1713337020000
1713348060000
1713359340000
1713363660000
1713396720000
1713423420000
1713434460000
1713445740000
1713450060000
1713483060000
1713509820000
1713520920000
1713532140000
1713536520000
1713569460000
1713596220000
1713607320000
1713618540000
1713622920000
1713655800000
1713682560000
1713693780000
1713704940000
1713709320000
1713742200000
1713768960000
1713780180000
1713791340000
1713795720000
1713828540000
1713855360000
1713866640000
1713877800000
1713882120000
1713914940000
1713941760000
1713953040000
1713964200000
1713968520000
1714001220000
1714028100000
1714039500000
1714050600000
1714054980000
1714087620000
1714114500000
1714125900000
1714137000000
1714141380000
1714173960000
1714200900000
1714212360000
1714223400000
1714227780000
1714260360000
1714287300000
1714298760000
1714309800000
1714314180000
1714346700000
1714373700000
1714385220000
1714396200000
1714400640000
1714519440000
1714546500000
1714558080000
1714569060000
1714573500000
1714605840000
1714632900000
1714644480000
1714655460000
1714659900000
1714692180000
1714719240000
1714730940000
1714741860000
1714746300000
1714778580000
1714805640000
1714817340000
1714828260000
1714832700000
1714864920000
1714892040000
1714903800000
1714914660000
1714919160000
1714951320000
1714978440000
1714990200000
1715001060000
1715005560000
1715037720000
1715064840000
1715076660000
1715087520000
1715091960000
1715124120000
1715151240000
1715163060000
1715173920000
1715178360000
1715210460000
1715237640000
1715249520000
1715260320000
1715264820000
1715296860000
1715324040000
1715335920000
1715346720000
1715351220000
1715383200000
1715410440000
1715422320000
1715433180000
1715437680000
1715469600000
1715496840000
1715508720000
1715519580000
1715524080000
1715555940000
1715583240000
1715595180000
1715605980000
1715610480000
1715642340000
1715669640000
1715681580000
1715692380000
1715696880000
1715728740000
1715756040000
1715768040000
1715778780000
1715783340000
1715815140000
1715842440000
1715854440000
1715865180000
1715869740000
1715901480000
1715928840000
1715940900000
1715951640000
1715956200000
1715987880000
1716015240000
1716027300000
1716038040000
1716042600000
1716074220000
1716101640000
1716113760000
1716124440000
1716129060000
1716160620000
1716188040000
1716200160000
1716210840000
1716215460000
1716247020000
1716274440000
1716286620000
1716297300000
1716301860000
1716333420000
1716360840000
1716373020000
1716383700000
1716388260000
1716419820000
1716447240000
1716459420000
1716470100000
1716474720000
1716506220000
1716533640000
1716545820000
1716556500000
1716561120000
1716592560000
1716620100000
1716632280000
1716642960000
1716647580000
1716678960000
1716706500000
1716718680000
1716729360000
1716733980000
1716765360000
1716792900000
1716805140000
1716815820000
1716820440000
1716851760000
1716879300000
1716891540000
1716902220000
1716906840000
1716938160000
1716965700000
1716978000000
1716988620000
1716993240000
1717024560000
1717052100000
1717064400000
1717075020000
1717079640000
1717110960000
1717138500000
1717150800000
1717161420000
1717166100000
1717197360000
1717224900000
1717237260000
1717247880000
1717252500000
1717283760000
1717311300000
1717323660000
1717334280000
1717338900000
1717370160000
1717397760000
1717410060000
1717420740000
1717425360000
1717456560000
1717484160000
1717496460000
1717507140000
1717511760000
1717542960000
1717570560000
1717582920000
1717593540000
1717598220000
1717629360000
1717656960000
1717669320000
1717679940000
1717684620000
1717715760000
1717743420000
1717755780000
1717766400000
1717771080000
1717802160000
1717829820000
1717842180000
1717852800000
1717857480000
1717888560000
1717916220000
1717928580000
1717939200000
1717943880000
1717974960000
1718002620000
1718014980000
1718025600000
1718030280000
1718061360000
1718089020000
1718101440000
1718112060000
1718116740000
1718147760000
1718175420000
1718187840000
1718198460000
1718203140000
1718234160000
1718261880000
1718274240000
1718284860000
1718289540000
1718320560000
1718348280000
1718360640000
1718371260000
1718375940000
1718407020000
1718434680000
1718447100000
1718457720000
1718462400000
1718493420000
1718521080000
1718533500000
1718544120000
1718548800000
1718579820000
1718607540000
1718619900000
1718630520000
1718635200000
1718666220000
1718693940000
1718706300000
1718716920000
1718721600000
1718752620000
1718780340000
1718792760000
1718803380000
1718808060000
1718839020000
1718866740000
1718879160000
1718889780000
1718894460000
1718925480000
1718953200000
1718965560000
1718976180000
1718980860000
1719011880000
1719039600000
1719051960000
1719062580000
1719067260000
1719098280000
1719126000000
1719138420000
1719148980000
1719153720000
1719184680000
1719212400000
1719224820000
1719235380000
1719240120000
1719271140000
1719298800000
1719311220000
1719321840000
1719326520000
1719357540000
1719385200000
1719397620000
1719408240000
1719412920000
1719443940000
1719471660000
1719484020000
1719494640000
1719499320000
1719530340000
1719558060000
1719570420000
1719581040000
1719585720000
1719616800000
1719644460000
1719656880000
1719667440000
1719672120000
1719789600000
1719817320000
1719829680000
1719840300000
1719844980000
1719876000000
1719903720000
1719916080000
1719926700000
1719931380000
1719962460000
1719990120000
1720002480000
1720013100000
1720017780000
1720048860000
1720076520000
1720088880000
1720099500000
1720104180000
1720135320000
1720162920000
1720175280000
1720185900000
1720190580000
1720221720000
1720249320000
1720261680000
1720272300000
1720276980000
1720308120000
1720335780000
1720348080000
1720358700000
1720363380000
1720394520000
1720422180000
1720434480000
1720445100000
1720449780000
1720480980000
1720508580000
1720520880000
1720531500000
1720536180000
1720567380000
1720594980000
1720607280000
1720617900000
1720622580000
1720653840000
1720681380000
1720693680000
1720704300000
1720708920000
1720740240000
1720767780000
1720780080000
1720790700000
1720795320000
1720826640000
1720854180000
1720866420000
1720877100000
1720881720000
1720913040000
1720940580000
1720952820000
1720963500000
1720968120000
1720999500000
1721027040000
1721039220000
1721049900000
1721054520000
1721085900000
1721113440000
1721125620000
1721136300000
1721140920000
1721172360000
1721199840000
1721212020000
1721222700000
1721227260000
1721258760000
1721286240000
1721298420000
1721309100000
1721313660000
1721345220000
1721372640000
1721384760000
1721395500000
1721400060000
1721431620000
1721459040000
1721471160000
1721481900000
1721486460000
1721518020000
1721545440000
1721557560000
1721568240000
1721572860000
1721604420000
1721631840000
1721643960000
1721654640000
1721659260000
1721690880000
1721718240000
1721730300000
1721741040000
1721745600000
1721777280000
1721804640000
1721816700000
1721827440000
1721832000000
1721863740000
1721891040000
1721903040000
1721913840000
1721918340000
1721950140000
1721977440000
1721989440000
1722000240000
1722004740000
1722036540000
1722063840000
1722075840000
1722086580000
1722091140000
1722122940000
1722150240000
1722162240000
1722172980000
1722177540000
1722209400000
1722236640000
1722248580000
1722259380000
1722263880000
1722295800000
1722323040000
1722334980000
1722345780000
1722350280000
1722382260000
1722409440000
1722421320000
1722432120000
1722436620000
1722468660000
1722495840000
1722507660000
1722518520000
1722523020000
1722555060000
1722582240000
1722594060000
1722604920000
1722609420000
1722641460000
1722668640000
1722680400000
1722691260000
1722695760000
1722727860000
1722755040000
1722766800000
1722777660000
1722782160000
1722814320000
1722841380000
1722853140000
1722864060000
1722868500000
1722900720000
1722927780000
1722939540000
1722950460000
1722954900000
1722987180000
1723014180000
1723025940000
1723036800000
1723041240000
1723073580000
1723100580000
1723112340000
1723123200000
1723127640000
1723159980000
1723186980000
1723198560000
1723209540000
1723213980000
1723246380000
1723273380000
1723284960000
1723295940000
1723300380000
1723332780000
1723359780000
1723371300000
1723382280000
1723386720000
1723419180000
1723446180000
1723457700000
1723468680000
1723473120000
1723505640000
1723532520000
1723543980000
1723555020000
1723559460000
1723592040000
1723618920000
1723630380000
1723641420000
1723645860000
1723678440000
1723705320000
1723716660000
1723727820000
1723732140000
1723764840000
1723791720000
1723803060000
1723814220000
1723818540000
1723851300000
1723878060000
1723889340000
1723900560000
1723904880000
1723937700000
1723964460000
1723975740000
1723986960000
1723991280000
1724024100000
1724050860000
1724062020000
1724073300000
1724077620000
1724110500000
1724137260000
1724148420000
1724159700000
1724164020000
1724196900000
1724223660000
1724234700000
1724245980000
1724250360000
1724283300000
1724310060000
1724321100000
1724332380000
1724336760000
1724369760000
1724396400000
1724407440000
1724418720000
1724423040000
1724456160000
1724482800000
1724493840000
1724505120000
1724509440000
1724542560000
1724569140000
1724580300000
1724591460000
1724595780000
1724628960000
1724655540000
1724666700000
1724677860000
1724682180000
1724715360000
1724741940000
1724753100000
1724764200000
1724768520000
1724801760000
1724828340000
1724839500000
1724850600000
1724854920000
1724888160000
1724914680000
1724925960000
1724936940000
1724941200000
1724974560000
1725001080000
1725012360000
1725023340000
1725027600000
1725060960000
1725087480000
1725098760000
1725109680000
1725113940000
1725147360000
1725173820000
1725185160000
1725196020000
1725200280000
1725233760000
1725260220000
1725271560000
1725282420000
1725286680000
1725320220000
1725346620000
1725358020000
1725368760000
1725373020000
1725406620000
1725433020000
1725444420000
1725455160000
1725459420000
1725493020000
1725519360000
1725530820000
1725541500000
1725545700000
1725579420000
1725605760000
1725617220000
1725627900000
1725632100000
1725665820000
1725692100000
1725703620000
1725714180000
1725718440000
1725752220000
1725778500000
1725790020000
1725800580000
1725804840000
1725838620000
1725864900000
1725876420000
1725886920000
1725891180000
1725925020000
1725951300000
1725962820000
1725973320000
1725977580000
1726011420000
1726037640000
1726049220000
1726059660000
1726063860000
1726097820000
1726124040000
1726135620000
1726146060000
1726150260000
1726184220000
1726210380000
1726222020000
1726232340000
1726236600000
1726270620000
1726296780000
1726308420000
1726318740000
1726323000000
1726357020000
1726383180000
1726394820000
1726405080000
1726409280000
1726443420000
1726469580000
1726481220000
1726491480000
1726495680000
1726529820000
1726555920000
1726567620000
1726577820000
1726582020000
1726616220000
1726642320000
1726654020000
1726664220000
1726668420000
1726702620000
1726728660000
1726740420000
1726750500000
1726754700000
1726789020000
1726815060000
1726826820000
1726836900000
1726841100000
1726875420000
1726901400000
1726913220000
1726923240000
1726927440000
1726961820000
1726987800000
1726999620000
1727009640000
1727013840000
1727048220000
1727074200000
1727086020000
1727095980000
1727100180000
1727134620000
1727160600000
1727172420000
1727182380000
1727186580000
1727221020000
1727246940000
1727258820000
1727268660000
1727272860000
1727307420000
1727333340000
1727345220000
1727355060000
1727359260000
1727393760000
1727419680000
1727431620000
1727441400000
1727445600000
1727480160000
1727506080000
1727518020000
1727527800000
1727532000000
1727566560000
1727592480000
1727604360000
1727614140000
1727618340000
1727739360000
1727765220000
1727777160000
1727786880000
1727791080000
1727825760000
1727851620000
1727863560000
1727873280000
1727877480000
1727912160000
1727937960000
1727949960000
1727959560000
1727963760000
1727998560000
1728024360000
1728036360000
1728045960000
1728050160000
1728084960000
1728110700000
1728122700000
1728132300000
1728136500000
1728171360000
1728197100000
1728209100000
1728218700000
1728222900000
1728257760000
1728283500000
1728295500000
1728305040000
1728309240000
1728344160000
1728369900000
1728381900000
1728391440000
1728395640000
1728430560000
1728456300000
1728468300000
1728477780000
1728481980000
1728516960000
1728542700000
1728554700000
1728564180000
1728568380000
1728603360000
1728629040000
1728641040000
1728650520000
1728654720000
1728689760000
1728715440000
1728727440000
1728736920000
1728741120000
1728776160000
1728801840000
1728813840000
1728823260000
1728827460000
1728862560000
1728888240000
1728900240000
1728909660000
1728913860000
1728948960000
1728974580000
1728986640000
1728995940000
1729000200000
1729035360000
1729060980000
1729073040000
1729082340000
1729086600000
1729121760000
1729147380000
1729159440000
1729168740000
1729172940000
1729208160000
1729233780000
1729245840000
1729255140000
1729259340000
1729294560000
1729320120000
1729332180000
1729341480000
1729345680000
1729380960000
1729406520000
1729418580000
1729427880000
1729432080000
1729467360000
1729492920000
1729504980000
1729514220000
1729518480000
1729553760000
1729579320000
1729591380000
1729600620000
1729604880000
1729640220000
1729665720000
1729677780000
1729686960000
1729691220000
1729726620000
1729752120000
1729764180000
1729773360000
1729777620000
1729813020000
1729838460000
1729850520000
1729859700000
1729863960000
1729899420000
1729924860000
1729936920000
1729946100000
1729950360000
1729985820000
1730011260000
1730023320000
1730032440000
1730036760000
1730072220000
1730097660000
1730109720000
1730118840000
1730123160000
1730158620000
1730184060000
1730196120000
1730205180000
1730209500000
1730245020000
1730270460000
1730282520000
1730291580000
1730295900000
1730331420000
1730356860000
1730368920000
1730377980000
1730382300000
1730417880000
1730443260000
1730455320000
1730464380000
1730468640000
1730504280000
1730529660000
1730541720000
1730550780000
1730555040000
1730590680000
1730616060000
1730628120000
1730637120000
1730641440000
1730677080000
1730702460000
1730714520000
1730723520000
1730727840000
1730763480000
1730788860000
1730800860000
1730809920000
1730814240000
1730849880000
1730875260000
1730887260000
1730896320000
1730900640000
1730936340000
1730961660000
1730973660000
1730982660000
1730987040000
1731022740000
1731048060000
1731060060000
1731069060000
1731073440000
1731109140000
1731134460000
1731146460000
1731155460000
1731159840000
1731195540000
1731220860000
1731232860000
1731241860000
1731246240000
1731281940000
1731307320000
1731319320000
1731328260000
1731332580000
1731368340000
1731393720000
1731405720000
1731414660000
1731418980000
1731454800000
1731480120000
1731492120000
1731501000000
1731505440000
1731541200000
1731566520000
1731578520000
1731587400000
1731591840000
1731627660000
1731652920000
1731664920000
1731673800000
1731678240000
1731714060000
1731739320000
1731751320000
1731760200000
1731764640000
1731800460000
1731825780000
1731837720000
1731846600000
1731851040000
1731886860000
1731912180000
1731924120000
1731933000000
1731937440000
1731973320000
1731998580000
1732010520000
1732019400000
1732023840000
1732059720000
1732084980000
1732096920000
1732105800000
1732110240000
1732146120000
1732171440000
1732183380000
1732192200000
1732196640000
1732232520000
1732257840000
1732269780000
1732278600000
1732283040000
1732318980000
1732344240000
1732356180000
1732365060000
1732369500000
1732405380000
1732430640000
1732442580000
1732451460000
1732455900000
1732491840000
1732517100000
1732528980000
1732537860000
1732542300000
1732578240000
1732603500000
1732615380000
1732624260000
1732628700000
1732664700000
1732689900000
1732701840000
1732710660000
1732715160000
1732751100000
1732776300000
1732788240000
1732797060000
1732801560000
1732837560000
1732862760000
1732874640000
1732883520000
1732887960000
1733010360000
1733035620000
1733047500000
1733056320000
1733060820000
1733096760000
1733122020000
1733133900000
1733142720000
1733147220000
1733183220000
1733208480000
1733220360000
1733229180000
1733233680000
1733269620000
1733294880000
1733306760000
1733315580000
1733320080000
1733356080000
1733381340000
1733393160000
1733401980000
1733406480000
1733442480000
1733467740000
1733479560000
1733488380000
1733492880000
1733528940000
1733554140000
1733566020000
1733574840000
1733579340000
1733615340000
1733640540000
1733652420000
1733661240000
1733665740000
1733701800000
1733727000000
1733738880000
1733747700000
1733752200000
1733788200000
1733813400000
1733825280000
1733834100000
1733838600000
1733874660000
1733899860000
1733911740000
1733920560000
1733925060000
1733961060000
1733986260000
1733998140000
1734006960000
1734011460000
1734047520000
1734072720000
1734084600000
1734093360000
1734097920000
1734133920000
1734159120000
1734171000000
1734179760000
1734184320000
1734220380000
1734245580000
1734257460000
1734266220000
1734270780000
1734306780000
1734331980000
1734343860000
1734352620000
1734357180000
1734393240000
1734418440000
1734430320000
1734439080000
1734443640000
1734479640000
1734504840000
1734516720000
1734525480000
1734530040000
1734566100000
1734591300000
1734603120000
1734611940000
1734616500000
1734652500000
1734677700000
1734689520000
1734698340000
1734702900000
1734738960000
1734764160000
1734775980000
1734784800000
1734789360000
1734825360000
1734850560000
1734862380000
1734871200000
1734875760000
1734911820000
1734937020000
1734948900000
1734957660000
1734962220000
1734998220000
1735023420000
1735035300000
1735044060000
1735048620000
1735084680000
1735109880000
1735121760000
1735130520000
1735135080000
1735171080000
1735196280000
1735208160000
1735216920000
1735221480000
1735257540000
1735282740000
1735294620000
1735303380000
1735307940000
1735343940000
1735369140000
1735381020000
1735389780000
1735394340000
1735430400000
1735455600000
1735467480000
1735476240000
1735480800000
1735516800000
1735542000000
1735553880000
1735562640000
1735567200000
1735603260000
1735628460000
1735640280000
1735649100000
1735653600000